1.0 1.0 1.0 0.4 0.0 0.0 70.4 
1.0 1.0 1.0 0.0 0.1111111111111111 0.0 69.22222222222223 
1.0 1.0 1.0 0.0 0.0 0.125 67.25 
1.0 1.0 1.0 0.0 0.0 0.0 66.0 
1.0 1.0 0.0967741935483871 0.0 0.0 1.0 38.96774193548387 
1.0 1.0 0.0 0.0 0.0 1.0 35.0 
0.0 0.0 1.0 0.0 0.0 1.0 0.0 
1.0 0.9230769230769231 0.0 0.0 1.0 0.0 52.46153846153847 
1.0 0.0 0.3870967741935484 0.0 1.0 0.0 49.87096774193549 
1.0 0.0 0.0 0.0 1.0 0.375 37.75 
1.0 0.0 0.0 0.0 1.0 0.0 34.0 
0.0 0.0 0.0 0.0 1.0 1.0 0.0 
0.0 0.0 1.0 0.0 1.0 0.0 0.0 
0.5 1.0 0.0 0.0 1.0 0.0 51.5 
0.0 1.0 0.03225806451612903 0.0 1.0 0.0 50.32258064516129 
0.0 1.0 0.0 0.0 1.0 0.03125 49.3125 
0.0 1.0 0.0 0.0 1.0 0.0 0.0 //hianyzik a 49 a vegerol
0.0 1.0 0.0 0.0 1.0 1.0 0.0 
0.0 1.0 1.0 0.0 1.0 0.0 0.0 
1.0 1.0 0.0 0.0 1.0 0.0 0.0 
1.0 1.0 0.8064516129032258 1.0 0.0 0.0 69.06451612903226 
1.0 1.0 0.0 1.0 0.6944444444444444 0.0 56.138888888888886 
1.0 1.0 0.0 1.0 0.0 0.78125 43.8125 
1.0 1.0 0.0 1.0 0.0 0.0 36.0 
1.0 0.46153846153846156 0.0 1.0 0.0 1.0 35.23076923076923 
1.0 0.0 0.0 1.0 0.0 1.0 26.0 
0.0 1.0 0.0 1.0 0.0 1.0 0.0 
1.0 0.15384615384615385 0.0 1.0 1.0 0.0 48.07692307692308 
1.0 0.0 0.0 1.0 1.0 0.0625 45.625 
1.0 0.0 0.0 1.0 1.0 0.0 45.0 
0.0 0.0 0.0 1.0 1.0 1.0 0.0 
0.0 1.0 0.0 1.0 1.0 0.0 0.0 
1.0 0.5384615384615384 1.0 1.0 0.0 0.0 67.76923076923077 
1.0 0.0 1.0 1.0 0.19444444444444445 0.0 62.638888888888886 
1.0 0.0 1.0 1.0 0.0 0.21875 59.1875 
1.0 0.0 1.0 1.0 0.0 0.0 57.0 
0.0 0.0 1.0 1.0 0.0 1.0 0.0 
0.0 0.0 1.0 1.0 1.0 0.0 0.0 
0.0 1.0 1.0 1.0 0.0 0.0 0.0 